410730:
  outlets: ~
  parameters:
    f: 1.8654836356072262
    a: 6.845991087409299
    b: 0.053948227807817786
    alpha: 0.43869852448391783
    d: 307.40174819819003
    storage_coef: 5.772065404137487
    e: 0.7818669063174246
    initial_storage: 0.0
    d2: 9.00287087846792
  area: 130.0
  node_type: BilinearNode
  inlets: ~
