410730:
  outlets: ~
  parameters:
    f: 1.093766516348486
    a: 0.6971174211623541
    b: 0.08253327924536026
    alpha: 0.3028013994256586
    d: 407.78067518109174
    storage_coef: 1.039348929075254
    e: 0.8495465409292626
    initial_storage: 0.0
    d2: 1.6524631178213596
  area: 129.2
  node_type: BilinearNode
  inlets: ~
