410730:
  outlets: ~
  parameters:
    f: 0.9965327652912254
    a: 0.676525637729902
    b: 0.05424067807504396
    alpha: 0.27267866087185316
    d: 431.4043126806547
    storage_coef: 0.9067585353764581
    e: 0.8494322382365145
    initial_storage: 0.0
    d2: 1.479327947533462
  area: 129.2
  node_type: BilinearNode
  inlets: ~
