410730:
  outlets: ~
  parameters:
    f: 2.9547994834439644
    a: 9.145798204306782
    b: 0.056008940277018616
    alpha: 0.5093886968215428
    d: 105.43533192826004
    storage_coef: 6.1818017726290035
    e: 1.0511732091952297
    initial_storage: 0.0
    d2: 5.193963862025354
  area: 130.0
  node_type: BilinearNode
  inlets: ~
