410730:
  outlets: ~
  parameters:
    f: 1.014241834987167
    a: 0.6879472551816668
    b: 0.05251398592288124
    alpha: 0.28067737954271743
    d: 426.9678262509676
    storage_coef: 0.7706764533521893
    e: 0.8215094893125667
    initial_storage: 0.0
    d2: 1.4393311759039429
  area: 130.0
  node_type: BilinearNode
  inlets: ~
