410730:
  outlets: ~
  parameters:
    f: 0.9216715468342312
    a: 0.6735588852485729
    b: 0.056550553853704076
    alpha: 0.20787278927823213
    d: 509.33739798408976
    storage_coef: 1.087375198076892
    e: 0.885789109723389
    initial_storage: 0.0
    d2: 1.3966877071122528
  area: 130.0
  node_type: BilinearNode
  inlets: ~
