410730:
  outlets: ~
  parameters:
    f: 1.3000489643889852
    a: 0.7718745477849766
    b: 0.05963204615818485
    alpha: 0.355030192245575
    d: 294.52847765481283
    storage_coef: 0.6902725703598745
    e: 0.7230962608436378
    initial_storage: 0.0
    d2: 1.5149466994826566
  area: 130.0
  node_type: BilinearNode
  inlets: ~
