410730:
  outlets: ~
  parameters:
    f: 2.5307800180852253
    a: 6.097043034220488
    b: 0.07393540378062592
    alpha: 0.6069517403583907
    d: 548.5489671535028
    storage_coef: 0.24094540775739978
    e: 0.6355334783020473
    initial_storage: 0.0
    d2: 2.0126755366380404
  area: 129.2
  node_type: BilinearNode
  inlets: ~
