410730:
  outlets: ~
  parameters:
    f: 0.9239477739839312
    a: 0.6716485863333107
    b: 0.05583505820398008
    alpha: 0.2127079393004945
    d: 489.2648400117932
    storage_coef: 1.0188456865664222
    e: 0.8925086332340106
    initial_storage: 0.0
    d2: 1.3876346492271001
  area: 129.2
  node_type: BilinearNode
  inlets: ~
