410730:
  outlets: ~
  parameters:
    f: 0.9088132568270766
    a: 0.5605777343381042
    b: 0.09214301879354736
    alpha: 0.34143624532984257
    d: 526.1007562368827
    storage_coef: 1.7472905855946497
    e: 0.8963150541606963
    initial_storage: 0.0
    d2: 1.5362801351951862
  area: 130.0
  node_type: BilinearNode
  inlets: ~
