410730:
  outlets: ~
  parameters:
    f: 1.1100815802706545
    a: 0.5308951593369987
    b: 0.08931190726659921
    alpha: 0.2771418888836868
    d: 453.628423417059
    storage_coef: 3.650368866953082
    e: 0.8225567795083881
    initial_storage: 0.0
    d2: 1.7101124764501714
  area: 130.0
  node_type: BilinearNode
  inlets: ~
