410730:
  outlets: ~
  parameters:
    f: 2.275613930831692
    a: 9.426035768367072
    b: 0.08369460948754794
    alpha: 0.22180637871593167
    d: 417.71477199824113
    storage_coef: 9.34910472610489
    e: 1.1048454377608419
    initial_storage: 0.0
    d2: 4.292984383077879
  area: 130.0
  node_type: BilinearNode
  inlets: ~
