410730:
  outlets: ~
  parameters:
    f: 2.429879724653504
    a: 7.055158968145215
    b: 0.05843081563620232
    alpha: 0.8361133944524278
    d: 248.31714696171412
    storage_coef: 7.623322789259282
    e: 1.2491811455939106
    initial_storage: 0.0
    d2: 1.5731470198317339
  area: 130.0
  node_type: BilinearNode
  inlets: ~
