410730:
  outlets: ~
  parameters:
    f: 1.090568756544095
    a: 0.6520874884931237
    b: 0.05029500062739642
    alpha: 0.34570642630904896
    d: 397.51190071200244
    storage_coef: 0.8461326568108528
    e: 0.7897244282214052
    initial_storage: 0.0
    d2: 1.6030992585048807
  area: 129.2
  node_type: BilinearNode
  inlets: ~
