410730:
  outlets: ~
  parameters:
    f: 1.0584122719433744
    a: 0.42190148693078555
    b: 0.03498834371561887
    alpha: 0.5406633828347551
    d: 368.7689982170728
    storage_coef: 1.2265244446787082
    e: 0.8886156075454668
    initial_storage: 0.0
    d2: 1.8677693126685242
  area: 129.2
  node_type: BilinearNode
  inlets: ~
