410730:
  outlets: ~
  parameters:
    f: 1.1194365448024095
    a: 0.4048196616607277
    b: 0.03712716656533985
    alpha: 0.5370516413179688
    d: 381.1785524467086
    storage_coef: 1.3983393228332892
    e: 0.8286184815652049
    initial_storage: 0.0
    d2: 1.8793791197209115
  area: 130.0
  node_type: BilinearNode
  inlets: ~
