410730:
  outlets: ~
  parameters:
    f: 2.7716413456326077
    a: 8.981534010431528
    b: 0.07682882476741423
    alpha: 0.1266666017757019
    d: 325.6497694938667
    storage_coef: 2.898488319471145
    e: 0.9955614669121311
    initial_storage: 0.0
    d2: 4.963557772988519
  area: 130.0
  node_type: BilinearNode
  inlets: ~
