410730:
  outlets: ~
  parameters:
    f: 0.30742303382071495
    a: 0.6850687907366964
    b: 0.010613249692304103
    alpha: 0.32792320756910864
    d: 129.08354456748108
    storage_coef: 0.7668957755063323
    e: 1.0786302643583334
    initial_storage: 0.0
    d2: 0.0007494440401713154
  area: 129.2
  node_type: BilinearNode
  inlets: ~
