410730:
  outlets: ~
  parameters:
    f: 1.078713288208084
    a: 0.581738924353584
    b: 0.08142345995277009
    alpha: 0.3107591830410591
    d: 413.0912585593411
    storage_coef: 1.0740952198661007
    e: 0.855125682702661
    initial_storage: 0.0
    d2: 1.632234100120838
  area: 130.0
  node_type: BilinearNode
  inlets: ~
