410730:
  outlets: ~
  parameters:
    f: 1.362259102095042
    a: 0.6813462258054639
    b: 0.05860893786240139
    alpha: 0.39316938835291043
    d: 311.5606819253488
    storage_coef: 0.7673184206057302
    e: 0.702726425362504
    initial_storage: 0.0
    d2: 1.5968200371095422
  area: 129.2
  node_type: BilinearNode
  inlets: ~
