410730:
  outlets: ~
  parameters:
    f: 1.534643507466326
    a: 9.255537676571043
    b: 0.052699152257432706
    alpha: 0.6077503566986863
    d: 506.49066584109295
    storage_coef: 1.5191659757104012
    e: 0.8169577512489771
    initial_storage: 0.0
    d2: 5.165997116820014
  area: 130.0
  node_type: BilinearNode
  inlets: ~
