410730:
  outlets: ~
  parameters:
    f: 1.0028068448549357
    a: 0.8915234838251572
    b: 0.09859749422658416
    alpha: 0.22027320100260483
    d: 549.9654814762661
    storage_coef: 7.479005601913018
    e: 0.8131841367488057
    initial_storage: 0.0
    d2: 1.5226607159127057
  area: 129.2
  node_type: BilinearNode
  inlets: ~
