410730:
  outlets: ~
  parameters:
    f: 1.836545027756471
    a: 0.26436003496064264
    b: 0.03436726411077222
    alpha: 0.8935481666833931
    d: 520.9375208171671
    storage_coef: 6.269989613432905
    e: 0.680269304159257
    initial_storage: 0.0
    d2: 3.0887256732969517
  area: 130.0
  node_type: BilinearNode
  inlets: ~
