410730:
  outlets: ~
  parameters:
    f: 0.40930139903940166
    a: 0.3895938102327726
    b: 0.012616267423183062
    alpha: 0.29683073328512144
    d: 103.26784443861935
    storage_coef: 3.089345403334214
    e: 0.9679435157962097
    initial_storage: 0.0
    d2: 0.06251461057365368
  area: 130.0
  node_type: BilinearNode
  inlets: ~
