410730:
  outlets: ~
  parameters:
    f: 1.8183826589400776
    a: 3.7991989582399146
    b: 0.0299637822407207
    alpha: 0.753631785473133
    d: 187.6540646341019
    storage_coef: 0.48540416182141205
    e: 0.8938191902609134
    initial_storage: 0.0
    d2: 6.052739012962995
  area: 130.0
  node_type: BilinearNode
  inlets: ~
