410730:
  outlets: ~
  parameters:
    f: 1.0798563996403563
    a: 0.6299426909016259
    b: 0.04568700596783061
    alpha: 0.361444472796834
    d: 402.24554444656457
    storage_coef: 0.8409474654498814
    e: 0.8101284573655315
    initial_storage: 0.0
    d2: 1.624348139762038
  area: 130.0
  node_type: BilinearNode
  inlets: ~
