410730:
  outlets: ~
  parameters:
    f: 1.0983946816960628
    a: 0.6620094172559542
    b: 0.051288902330801835
    alpha: 0.3411654287217304
    d: 399.8964073111741
    storage_coef: 0.847084579921808
    e: 0.7855907938446569
    initial_storage: 0.0
    d2: 1.602162556050305
  area: 129.2
  node_type: BilinearNode
  inlets: ~
