410730:
  outlets: ~
  parameters:
    f: 1.1318528710377878
    a: 0.5391096570664404
    b: 0.05030243381750292
    alpha: 0.3596622764551123
    d: 386.8542573309774
    storage_coef: 1.065048013155377
    e: 0.7994978469305158
    initial_storage: 0.0
    d2: 1.7101861314894649
  area: 130.0
  node_type: BilinearNode
  inlets: ~
